,Service Quality,Taste Consistency,Value for Money,Menu Variety,Ambiance Impact on Experience,Presentation of Dishes,Flavor Profile Diversity,Dining Experience Customization,Overall Dining Experience Reflection,Flavor Complexity Impact,Value for Money Perception,Overall Customer Satisfaction
Service Quality,1.0,0.4887221508093502,0.5947843169514312,0.331813130355073,0.5051918235379368,0.2728647818350719,0.3800272421991363,0.14964529787549055,0.6302510166731752,0.3067341851505707,0.6092590405657973,0.6179021988580173
Taste Consistency,0.4887221508093502,1.0,0.6232688955514638,0.35202574846193974,0.49590674107726385,0.3007080555036416,0.486071402439173,0.1959750343030376,0.6080996387435347,0.42359252454978125,0.6047250718008191,0.5690326896370648
Value for Money,0.5947843169514312,0.6232688955514638,1.0,0.4758140393565031,0.6115133011876671,0.3871122728356782,0.5442351399160245,0.27069181048317115,0.754264346018877,0.4868650618549828,0.8400509559679284,0.7117337472439281
Menu Variety,0.331813130355073,0.35202574846193974,0.4758140393565031,1.0,0.3166085105630011,0.36727349494470435,0.5562773176389745,0.37572261874395046,0.47177686557934617,0.4652638176387518,0.4756803399624891,0.4397179170191759
Ambiance Impact on Experience,0.5051918235379368,0.49590674107726385,0.6115133011876671,0.3166085105630011,1.0,0.2843180488412841,0.44952819209486317,0.23177489233626813,0.6722841858558577,0.324989802675539,0.6288787725711901,0.6312234041926243
Presentation of Dishes,0.2728647818350719,0.3007080555036416,0.3871122728356782,0.36727349494470435,0.2843180488412841,1.0,0.38300001798890604,0.21005174083600484,0.311275955394625,0.3261129062441934,0.3588056805264792,0.40618054984615604
Flavor Profile Diversity,0.3800272421991363,0.486071402439173,0.5442351399160245,0.5562773176389745,0.44952819209486317,0.38300001798890604,1.0,0.40683217262536236,0.5460713872647398,0.4427245210357877,0.5789007498089274,0.5619365881830014
Dining Experience Customization,0.14964529787549055,0.1959750343030376,0.27069181048317115,0.37572261874395046,0.23177489233626813,0.21005174083600484,0.40683217262536236,1.0,0.2297009961080945,0.3085406746046944,0.2579009123522758,0.24660751924500585
Overall Dining Experience Reflection,0.6302510166731752,0.6080996387435347,0.754264346018877,0.47177686557934617,0.6722841858558577,0.311275955394625,0.5460713872647398,0.2297009961080945,1.0,0.5353000636500357,0.7457598590434372,0.7561709849733602
Flavor Complexity Impact,0.3067341851505707,0.42359252454978125,0.4868650618549828,0.4652638176387518,0.324989802675539,0.3261129062441934,0.4427245210357877,0.3085406746046944,0.5353000636500357,1.0,0.5054336771150342,0.40349655828907666
Value for Money Perception,0.6092590405657973,0.6047250718008191,0.8400509559679284,0.4756803399624891,0.6288787725711901,0.3588056805264792,0.5789007498089274,0.2579009123522758,0.7457598590434372,0.5054336771150342,1.0,0.7320694683335094
Overall Customer Satisfaction,0.6179021988580173,0.5690326896370648,0.7117337472439281,0.4397179170191759,0.6312234041926243,0.40618054984615604,0.5619365881830014,0.24660751924500585,0.7561709849733602,0.40349655828907666,0.7320694683335094,1.0
